Relatório Meteorológico da Estação: Guaratiba 
 
Dados normalizados para o Horário Brasileiro de Verão (HBV) 
 
Dia Hora HBV Chuva DirVento VelVento Temperatura Pressao Umidade 
 (graus) (Km/h) (celsius) (hPa) (%) 
01/11/2018 00:00:00 0.0 085 6.4 22.7 1006.4 71 
01/11/2018 00:15:00 0.0 027 3.5 22.7 1006.0 71 
01/11/2018 00:30:00 0.0 054 3.2 22.9 1005.9 71 
01/11/2018 00:45:00 0.0 011 5.3 22.9 1006.0 71 
01/11/2018 01:00:00 0.0 047 9.9 23.2 1005.3 71 
01/11/2018 01:15:00 0.0 036 3.5 23.4 1004.9 71 
01/11/2018 01:30:00 0.0 016 5.3 23.6 1005.4 70 
01/11/2018 01:45:00 0.0 053 6.4 23.5 1004.8 70 
01/11/2018 02:00:00 0.0 009 2.8 23.6 1004.8 69 
01/11/2018 02:15:00 0.0 027 4.2 23.6 1004.9 68 
01/11/2018 02:30:00 0.0 057 6.0 23.7 1004.8 67 
01/11/2018 02:45:00 0.0 060 4.6 23.7 1004.7 66 
01/11/2018 03:00:00 0.0 051 4.9 24.0 1004.4 65 
01/11/2018 03:15:00 0.0 050 2.5 24.1 1004.3 64 
01/11/2018 03:30:00 0.0 041 6.7 24.2 1003.9 63 
01/11/2018 03:45:00 0.0 074 4.2 24.5 1003.9 62 
01/11/2018 04:00:00 0.0 035 1.4 24.2 1004.7 61 
01/11/2018 04:15:00 0.0 101 4.2 24.0 1005.2 60 
01/11/2018 04:30:00 0.0 073 2.8 24.1 1005.0 60 
01/11/2018 04:45:00 0.0 101 4.2 24.0 1005.4 60 
01/11/2018 05:00:00 0.0 073 5.3 24.2 1005.6 60 
01/11/2018 05:15:00 0.0 060 4.9 24.3 1005.4 59 
01/11/2018 05:30:00 0.0 075 2.5 24.5 1005.9 59 
01/11/2018 05:45:00 0.0 091 3.2 24.2 1006.1 59 
01/11/2018 06:00:00 0.0 014 2.8 24.5 1006.4 59 
01/11/2018 06:15:00 0.0 - 0.0 23.7 1006.6 59 
01/11/2018 06:30:00 0.0 302 8.1 23.4 1006.9 59 
01/11/2018 06:45:00 0.0 296 5.3 23.1 1006.9 61 
01/11/2018 07:00:00 0.0 314 1.4 23.6 1007.0 62 
01/11/2018 07:15:00 0.0 241 3.2 24.1 1007.2 62 
01/11/2018 07:30:00 0.0 287 8.5 23.5 1007.6 62 
01/11/2018 07:45:00 0.0 233 3.2 24.8 1007.6 62 
01/11/2018 08:00:00 0.0 291 7.8 25.3 1007.3 61 
01/11/2018 08:15:00 0.0 264 6.7 24.9 1008.0 60 
01/11/2018 08:30:00 0.0 330 3.2 24.7 1007.8 60 
01/11/2018 08:45:00 0.0 329 10.6 24.8 1008.1 60 
01/11/2018 09:00:00 0.0 277 9.2 24.7 1008.1 60 
01/11/2018 09:15:00 0.0 283 11.3 23.6 1008.1 61 
01/11/2018 09:30:00 0.0 305 7.8 23.4 1008.3 62 
01/11/2018 09:45:00 0.0 279 12.3 23.7 1007.8 62 
01/11/2018 10:00:00 0.0 307 6.4 23.4 1007.7 63 
01/11/2018 10:15:00 0.0 303 3.2 25.3 1007.3 62 
01/11/2018 10:30:00 0.0 251 6.7 25.7 1007.8 60 
01/11/2018 10:45:00 0.0 269 10.6 24.3 1008.1 59 
01/11/2018 11:00:00 0.0 268 11.6 24.8 1007.8 60 
01/11/2018 11:15:00 0.0 259 8.1 25.4 1008.0 59 
01/11/2018 11:30:00 0.0 240 6.4 26.5 1008.3 57 
01/11/2018 11:45:00 0.0 245 3.5 25.6 1008.1 56 
01/11/2018 12:00:00 0.0 164 1.8 25.1 1007.8 58 
01/11/2018 12:15:00 0.0 212 4.6 25.8 1007.8 58 
01/11/2018 12:30:00 0.0 242 3.9 25.3 1007.6 58 
01/11/2018 12:45:00 0.0 248 6.4 25.3 1007.6 57 
01/11/2018 13:00:00 0.0 242 7.4 25.6 1007.3 57 
01/11/2018 13:15:00 0.0 241 8.5 25.8 1007.1 57 
01/11/2018 13:30:00 0.0 161 4.2 25.9 1006.9 58 
01/11/2018 13:45:00 0.0 232 4.9 25.3 1006.9 59 
01/11/2018 14:00:00 0.0 182 4.9 25.3 1006.9 60 
01/11/2018 14:15:00 0.0 211 5.6 24.7 1006.9 61 
01/11/2018 14:30:00 0.0 234 6.7 25.1 1006.9 62 
01/11/2018 14:45:00 0.0 235 8.5 24.7 1007.0 62 
01/11/2018 15:00:00 0.0 227 5.6 24.9 1007.1 65 
01/11/2018 15:15:00 0.0 247 5.6 24.8 1007.1 65 
01/11/2018 15:30:00 0.0 222 6.0 24.0 1007.3 66 
01/11/2018 15:45:00 0.0 258 4.9 24.2 1007.3 66 
01/11/2018 16:00:00 0.0 260 2.8 24.2 1007.6 67 
01/11/2018 16:15:00 0.0 262 2.5 24.2 1007.6 67 
01/11/2018 16:30:00 0.0 236 7.1 23.5 1007.6 67 
01/11/2018 16:45:00 0.0 244 6.4 23.1 1008.0 66 
01/11/2018 17:00:00 0.0 241 8.1 22.7 1007.8 66 
01/11/2018 17:15:00 0.0 237 8.5 23.5 1008.1 66 
01/11/2018 17:30:00 0.0 241 11.3 23.0 1008.1 66 
01/11/2018 17:45:00 0.0 243 8.8 23.2 1008.3 67 
01/11/2018 18:00:00 0.0 237 4.6 22.9 1008.8 67 
01/11/2018 18:15:00 0.0 280 6.0 23.0 1009.1 67 
01/11/2018 18:30:00 0.0 292 4.6 23.0 1008.8 67 
01/11/2018 18:45:00 0.0 246 7.8 22.9 1009.1 67 
01/11/2018 19:00:00 0.0 028 1.4 22.9 1008.9 68 
01/11/2018 19:15:00 0.0 049 1.4 22.3 1009.1 68 
01/11/2018 19:30:00 0.0 - 0.0 22.3 1009.3 68 
01/11/2018 19:45:00 0.0 074 2.1 22.4 1009.3 68 
01/11/2018 20:00:00 0.0 023 2.8 22.3 1009.3 68 
01/11/2018 20:15:00 0.0 051 2.1 22.5 1009.2 69 
01/11/2018 20:30:00 0.0 - 0.0 22.4 1008.9 69 
01/11/2018 20:45:00 0.0 060 1.4 22.4 1008.6 69 
01/11/2018 21:00:00 0.0 006 2.8 22.5 1008.7 69 
01/11/2018 21:15:00 0.0 - 0.0 22.4 1009.1 69 
01/11/2018 21:30:00 0.0 031 1.4 22.5 1009.2 70 
01/11/2018 21:45:00 0.0 025 1.4 22.5 1009.2 70 
01/11/2018 22:00:00 0.0 - 0.0 22.4 1009.5 70 
01/11/2018 22:15:00 0.0 - 0.0 22.5 1009.3 70 
01/11/2018 22:30:00 0.0 - 0.0 22.6 1009.3 70 
01/11/2018 22:45:00 0.0 078 1.4 22.5 1008.9 71 
01/11/2018 23:00:00 0.0 256 2.1 22.5 1009.2 71 
01/11/2018 23:15:00 0.0 202 6.4 22.6 1009.1 71 
01/11/2018 23:30:00 0.0 254 12.7 22.7 1009.2 71 
01/11/2018 23:45:00 0.0 254 9.5 22.4 1009.4 71 
02/11/2018 00:00:00 0.0 242 11.3 22.6 1009.3 72 
02/11/2018 00:15:00 0.0 250 10.6 22.9 1009.3 71 
02/11/2018 00:30:00 0.4 255 13.8 23.0 1009.2 72 
02/11/2018 00:45:00 0.2 - 0.0 21.6 1009.3 72 
02/11/2018 01:00:00 0.4 093 2.8 21.8 1008.9 72 
02/11/2018 01:15:00 0.4 036 1.4 21.4 1008.9 72 
02/11/2018 01:30:00 0.2 066 1.4 21.5 1008.8 72 
02/11/2018 01:45:00 0.0 085 2.8 21.3 1008.7 72 
02/11/2018 02:00:00 0.0 059 2.1 21.4 1008.4 72 
